0.000000000000000000e+00 0.000000000000000000e+00 5.000000000000000000e+01
2.020202020202020332e+00 2.019927235686232780e+00 5.001020338751758487e+01
4.040404040404040664e+00 4.038206840161557842e+00 5.004081771443497928e+01
6.060606060606060552e+00 6.053196553648301226e+00 5.009185547554585582e+01
8.080808080808081328e+00 8.063264822066349424e+00 5.016333750117239276e+01
1.010101010101010210e+01 1.006679605740040628e+01 5.025529296566689652e+01
1.212121212121212110e+01 1.206219578831561812e+01 5.036775939931893475e+01
1.414141414141414188e+01 1.404789566645758470e+01 5.050078270367269795e+01
1.616161616161616266e+01 1.602235829555738178e+01 5.065441717026112656e+01
1.818181818181818343e+01 1.798408185251079061e+01 5.082872550276415780e+01
2.020202020202020421e+01 1.993160447197780627e+01 5.102377884260036467e+01
2.222222222222222499e+01 2.186350836871213232e+01 5.123965679796225459e+01
2.424242424242424221e+01 2.377842367473630958e+01 5.147644747630724282e+01
2.626262626262626299e+01 2.567503197157699901e+01 5.173424752031737484e+01
2.828282828282828376e+01 2.755206950101772279e+01 5.201316214734271881e+01
3.030303030303030454e+01 2.940833004116082350e+01 5.231330519234420251e+01
3.232323232323232531e+01 3.124266743796631118e+01 5.263479915435381429e+01
3.434343434343434609e+01 3.305399778580322590e+01 5.297777524647069214e+01
3.636363636363636687e+01 3.484130125386120369e+01 5.334237344941391257e+01
3.838383838383838764e+01 3.660362355848287308e+01 5.372874256865360820e+01
4.040404040404040842e+01 3.834007708455037289e+01 5.413704029514369864e+01
4.242424242424242919e+01 4.004984166195718842e+01 5.456743326968124563e+01
4.444444444444444997e+01 4.173216500588711853e+01 5.502009715091838160e+01
4.646464646464647075e+01 4.338636283208169431e+01 5.549521668705494903e+01
4.848484848484848442e+01 4.501181866048477787e+01 5.599298579124069875e+01
5.050505050505050519e+01 4.660798332259344789e+01 5.651360762071823274e+01
5.252525252525252597e+01 4.817437418950913042e+01 5.705729465973858083e+01
5.454545454545454675e+01 4.971057413906747513e+01 5.762426880628363079e+01
5.656565656565656752e+01 5.121623028153044288e+01 5.821476146263059093e+01
5.858585858585858830e+01 5.269105246415454502e+01 5.882901362979542625e+01
6.060606060606060908e+01 5.413481157551436240e+01 5.946727600589390761e+01
6.262626262626262985e+01 5.554733767077230056e+01 6.012980908846050454e+01
6.464646464646465063e+01 5.692851793915997405e+01 6.081688328076661065e+01
6.666666666666667140e+01 5.827829453479102284e+01 6.152877900218170026e+01
6.868686868686869218e+01 5.959666229157885908e+01 6.226578680262250032e+01
7.070707070707071296e+01 6.088366634250762388e+01 6.302820748113665417e+01
7.272727272727273373e+01 6.213939966282038085e+01 6.381635220866954938e+01
7.474747474747475451e+01 6.336400055586965152e+01 6.463054265506416129e+01
7.676767676767677528e+01 6.455765009944057908e+01 6.547111112034600922e+01
7.878787878787879606e+01 6.572056956933131744e+01 6.633840067034655874e+01
8.080808080808081684e+01 6.685301785587522261e+01 6.723276527672052794e+01
8.282828282828283761e+01 6.795528888793849376e+01 6.815456996141436719e+01
8.484848484848485839e+01 6.902770907774045384e+01 6.910419094564461773e+01
8.686868686868687917e+01 7.007063479863980149e+01 7.008201580344713477e+01
8.888888888888889994e+01 7.108444990682455966e+01 7.108844361985988769e+01
9.090909090909092072e+01 7.206956331664797233e+01 7.212388515380362719e+01
9.292929292929294149e+01 7.302640663818247901e+01 7.318876300572726734e+01
9.494949494949496227e+01 7.395543188442491100e+01 7.428351179008608085e+01
9.696969696969696884e+01 7.485710925449279785e+01 7.540857831272333556e+01
9.898989898989898961e+01 7.573192499810504330e+01 7.656442175322754906e+01
1.010101010101010104e+02 7.658037936565177972e+01 7.775151385234006796e+01
1.030303030303030312e+02 7.740298464722798144e+01 7.897033910448911342e+01
1.050505050505050519e+02 7.820026330313935148e+01 8.022139495552929134e+01
1.070707070707070727e+02 7.897274618758721942e+01 8.150519200576673029e+01
1.090909090909090935e+02 7.972097086650384767e+01 8.282225421835332213e+01
1.111111111111111143e+02 8.044548002984012669e+01 8.417311913313470484e+01
1.131313131313131350e+02 8.114681999800339440e+01 8.555833808603921398e+01
1.151515151515151558e+02 8.182553932160256238e+01 8.697847643409780005e+01
1.171717171717171766e+02 8.248218747317926614e+01 8.843411378618620233e+01
1.191919191919191974e+02 8.311731362918446564e+01 8.992584423958398077e+01
1.212121212121212182e+02 8.373146554009642273e+01 9.145427662244659928e+01
1.232323232323232389e+02 8.432518848626732222e+01 9.302003474228997959e+01
1.252525252525252597e+02 8.489902431682533290e+01 9.462375764058830896e+01
1.272727272727272805e+02 8.545351056874640960e+01 9.626609985358967947e+01
1.292929292929293013e+02 8.598917966303973515e+01 9.794773167945554349e+01
1.313131313131313220e+02 8.650655817486023125e+01 9.966933945183311039e+01
1.333333333333333428e+02 8.700616617426719301e+01 1.014316258199726235e+02
1.353535353535353636e+02 8.748851663428534664e+01 1.032353100355032751e+02
1.373737373737373844e+02 8.795411490289285439e+01 1.050811282459855249e+02
1.393939393939394051e+02 8.840345823555281868e+01 1.069698337953588663e+02
1.414141414141414259e+02 8.883703538492213170e+01 1.089021975314084330e+02
1.434343434343434467e+02 8.925532624440695884e+01 1.108790081203751186e+02
1.454545454545454675e+02 8.965880154228885601e+01 1.129010723688384843e+02
1.474747474747474882e+02 9.004792258321300835e+01 1.149692155530030107e+02
1.494949494949495090e+02 9.042314103391287006e+01 1.170842817555226958e+02
1.515151515151515298e+02 9.078489875013612220e+01 1.192471342100011782e+02
1.535353535353535506e+02 9.113362764183750642e+01 1.214586556533078010e+02
1.555555555555555713e+02 9.146974957381142701e+01 1.237197486858542703e+02
1.575757575757575921e+02 9.179367629904906778e+01 1.260313361399774550e+02
1.595959595959596129e+02 9.210580942222040335e+01 1.283943614565804126e+02
1.616161616161616337e+02 9.240654039080044413e+01 1.308097890701839106e+02
1.636363636363636545e+02 9.269625051147779971e+01 1.332786048025464254e+02
1.656565656565656752e+02 9.297531098960385521e+01 1.358018162650130307e+02
1.676767676767676960e+02 9.324408298956015528e+01 1.383804532697573677e+02
1.696969696969697168e+02 9.350291771403905727e+01 1.410155682500844421e+02
1.717171717171717376e+02 9.375215650034894566e+01 1.437082366899662134e+02
1.737373737373737583e+02 9.399213093196865998e+01 1.464595575629845996e+02
1.757575757575757791e+02 9.422316296368585142e+01 1.492706537808616929e+02
1.777777777777777999e+02 9.444556505876160202e+01 1.521426726517599093e+02
1.797979797979798207e+02 9.465964033666669764e+01 1.550767863485391729e+02
1.818181818181818414e+02 9.486568273003459240e+01 1.580741923871622134e+02
1.838383838383838622e+02 9.506397714957213907e+01 1.611361141154434335e+02
1.858585858585858830e+02 9.525479965575995323e+01 1.642638012123404962e+02
1.878787878787879038e+02 9.543841763626245722e+01 1.674585301979927863e+02
1.898989898989899245e+02 9.561508998804991677e+01 1.707216049547143655e+02
1.919191919191919453e+02 9.578506730331412200e+01 1.740543572591550117e+02
1.939393939393939377e+02 9.594859205833434146e+01 1.774581473258451183e+02
1.959595959595959584e+02 9.610589880451995271e+01 1.809343643623479068e+02
1.979797979797979792e+02 9.625721436092375427e+01 1.844844271362441646e+02
2.000000000000000000e+02 9.640275800758169567e+01 1.881097845541815730e+02
